<<<<<<< HEAD
0
=======
748
178
565
343 418
602
392 180
680
170
50
458 760
533
588
804
782 783
66 490
870
861 227
717 633
999 589
71 126
569
163 355
483
207 464
916 443
62
556
877
948
826
87
431
845
235
613
194
724
523 221
761
887
286
349
693
280 95
233
518 200
746
619 920
33
985 711
791
671
831
436
454 749
638
388 753
122
931
451
385 979
58 474
132
270 901
410 331
131 67
73
139
641
442
764
679
768
770 419
510 528
759 118
938
594
245
465 871
937 104
310 273
508
704
428 751
333
536
646
911 495
316
958 478
75
707
93 635
698 837
557
151 402
755
820
28
889
531
3
729
797 40
213
500
824 897
389
550
499
242 794
757
888
825 427
309
457
579 578
512 146
600 675
329
421
725
614
560
413 339
509
644
306 471
906
803
866 524
266 835
262 390
406
268
667
43
39
549
216
241
708
559
856 47
632 973
334
690
879 128
285 494
81
626
663
892 601
517 810
23
790
26 634
57 806
895
558 55
37 834
821
181
14
138 327
598 407
301
493
785
538
308
223 169
209
367
515
776
446
691
840 383
639
838 224
656
226 243
184
45
909 793
429
378
537 363
430
893
412
944
174
762 86
976
44 321
247
380
305
885 891
747
721 571
974 904
530
807
140
952 580
466 573
107
229
304 595
217
507
234 115
299
636 620
781 946
654
375 631
65 988
652
883 114
103
506
894 117
516
605
89
863
311
296
297 173
396
46 681
736
459 264
261
356
648
738
340
477
408 607
423
890
405 156
294
655
7
98
409 522
847 144
618 912
743
85 171
351
176
616
251
775
448
420
192
381
525 714
399 563
842
435
658
808 6
456
862 765
274
222
259 552
210
917
190 637
914
766
590 615
4
541
211
792
34
960 359
386 868
787
130 846
726 676
610
279
815
94 72
202
778
587 965
583 470
393
246 624
468
925
878
319
843
872 137
239
585 119
492 30
462
291 96
696 161
625 395
852
915 0
91 668
391
576
599 157
670 582
692
926
153 731
604
187
748
16
622 444
554
467
255
38
519
166
727
936
322 289
127
649
232
220
596
292
53 371
344 394
546
539
722
505
741
193
353 630
802
369
358
584
231 940
968 720
404
439
664 735
79 20
25
788 341
921
932 182
986
35
967 572
302
370
219
112
771
376 876
129 172
520
398 882
498 947
961 943
905
712
908
542 372
898 124
338 699
678
984 697
677
574
754
823
64 814
56
18 586
907
734
486
155 800
149
148
240
564 903
799
48
1
116 666
69 535
328
672
640
49 828
511 61
82 695
438 252
865
159
424 257
27 350
167
199 816
17
935
379
197
990 709
795 608
90
739
100
258
88 689
849
669
593
922
433
686 801
272
706
164
77
179
366 147
397
364
303
617 673
336 249
70
682
21
745
832 318
277
723
9
913
860
320
643 941
501 185
332
653 873
411
488
732
966
473
323
953 503
927 476
422 665
330 204
555
928 215
487 553
189
313
51 902
839
568 256
83
855
377
972
278
687
472
212
694
996 373
779
513 991
592
445 143
750 744
995 657
160 15
728
460
942
939
575
417 263
805 737
24
858 758
300
661 740
74
993 683
526
276
954
76 105
326
120
924
561
684 455
453
742
662 84
964
710 612
833 534
312
205
884 269
283
284
480
68 426
963
645
945 324
387
288 930
12 461
271 957
767
287
854
780
154
141
784
346
481 981
987
489
253 700
836
642
850
772
401 36
298
789 80
923
899
812
440
59 469
570
919 956
886
491
773 237
416
869
450
874
918 818
822
718
623
551
206 384
230
228
165 295
113
31 238
900
281
567
817 337
628 183
52 853
92
809
841 752
970
432 452
627
496 382
101 244
135
441
929 8
314
360
145
629
786
978
701 482
254
651 368
998
102 705
527 545
142
719
201
354
811
282
962
547 250
218 108
992
983
647
479
756
78
485
374
177
514
867
111
11
265
989
447 660
293
414 685
971
848
32 97
347
203
196
881 188
977 769
425
275
796 198
317
777
798 10
969
437 175
674 168
851
951
997
566 982
162 910
484 133
348
125
342
606
41
875
859
136
54 562
290 813
214 158
29
844
42
829
19
702
703 857
352
713
975
521 949
497
362
716 774
434 543
959
880
950
357
650
267
609 195
13
106
134 191
540
63
315
864
109
345 335
60
150 548
502
121
688
896
225
22
994
591
597
403 763
577 123
449 152
5
933
830
715 934
819
186
621
980 415
110
581 544
2 659
463
400
504
827
733
361
955
260
529 236
611
603 307
99 475
532
730
208
>>>>>>> d6517505a346db6a537da402a36df618d337ce27
